101
100	 18.0591
113.377	 19.2291
128.543	 20.4749
145.738	 21.8014
165.234	 23.2138
187.337	 24.7177
212.397	 26.3191
240.809	 28.0242
273.022	 29.8398
309.544	 31.773
350.951	 33.8314
397.897	 36.0232
451.124	 38.357
511.47	 40.842
579.889	 43.488
657.46	 46.3054
745.408	 49.3053
845.121	 52.4996
958.172	 55.9009
1086.35	 59.5225
1231.67	 63.3787
1396.42	 67.4847
1583.22	 71.8568
1795.01	 76.5121
2035.13	 81.469
2307.36	 86.7471
2616.02	 92.367
2965.96	 98.3511
3362.71	 104.723
3812.54	 111.507
4322.54	 118.732
4900.76	 126.424
5556.33	 134.614
6299.6	 143.335
7142.29	 152.621
8097.71	 162.509
9180.94	 173.038
10409.1	 184.248
11801.5	 196.185
13380.1	 209.005
15170	 222.703
17199.3	 237.339
19500	 252.983
22108.5	 269.712
25065.9	 287.61
28419	 306.767
32220.6	 327.281
36530.7	 349.258
41417.4	 372.824
46957.7	 398.103
53239.2	 425.225
60361	 454.337
68435.5	 485.596
77590	 519.17
87969.2	 555.24
99736.7	 593.997
113078	 635.641
128205	 680.382
145355	 728.452
164799	 780.056
186844	 835.401
211838	 894.69
240175	 958.1
272303	 1025.76
308729	 1097.73
350027	 1173.94
396850	 1254.17
449936	 1337.97
510124	 1424.32
578362	 1512.01
655729	 1599.69
743446	 1685.58
842896	 1767.6
955649	 1843.84
1.08349e+06	 1912.65
1.22842e+06	 1972.84
1.39275e+06	 2023.82
1.57905e+06	 2065.49
1.79028e+06	 2097.29
2.02977e+06	 2119.99
2.30129e+06	 2134.24
2.60913e+06	 2140.3
2.95815e+06	 2138.46
3.35386e+06	 2129.08
3.8025e+06	 2112.55
4.31116e+06	 2089.32
4.88786e+06	 2059.83
5.54171e+06	 2024.5
6.28301e+06	 1983.12
7.12349e+06	 1936.26
8.07639e+06	 1884.38
9.15676e+06	 1827.7
1.03817e+07	 1766.52
1.17704e+07	 1701.17
1.33449e+07	 1632.04
1.51301e+07	 1559.6
1.7154e+07	 1484.39
1.94487e+07	 1407.01
2.20503e+07	 1327.57
2.49999e+07	 1247.18
2.83442e+07	 1166.75
101
100	 19.5907
113.377	 20.8599
128.543	 22.2113
145.738	 23.6503
165.234	 25.1825
187.337	 26.814
212.397	 28.5511
240.809	 30.4008
273.022	 32.3704
309.544	 34.4675
350.951	 36.7005
397.897	 39.0782
451.124	 41.6099
511.47	 44.3057
579.889	 47.1761
657.46	 50.2324
745.408	 53.4868
845.121	 56.952
958.172	 60.6417
1086.35	 64.5704
1231.67	 68.7536
1396.42	 73.2079
1583.22	 77.9508
1795.01	 83.0009
2035.13	 88.3782
2307.36	 94.1038
2616.02	 100.2
2965.96	 106.692
3362.71	 113.604
3812.54	 120.964
4322.54	 128.801
4900.76	 137.145
5556.33	 146.03
6299.6	 155.491
7142.29	 165.565
8097.71	 176.291
9180.94	 187.712
10409.1	 199.873
11801.5	 212.822
13380.1	 226.61
15170	 241.292
17199.3	 256.924
19500	 273.569
22108.5	 291.292
25065.9	 310.164
28419	 330.254
32220.6	 351.626
36530.7	 374.397
41417.4	 398.662
46957.7	 424.524
53239.2	 452.09
60361	 481.479
68435.5	 512.812
77590	 546.219
87969.2	 581.834
99736.7	 619.794
113078	 660.255
128205	 703.389
145355	 749.399
164799	 798.513
186844	 851.006
211838	 907.194
240175	 967.441
272303	 1032.17
308729	 1101.84
350027	 1176.99
396850	 1258.2
449936	 1346.16
510124	 1441.64
578362	 1545.28
655729	 1657.84
743446	 1780.1
842896	 1912.82
955649	 2056.74
1.08349e+06	 2212.53
1.22842e+06	 2380.79
1.39275e+06	 2561.97
1.57905e+06	 2756.22
1.79028e+06	 2963.05
2.02977e+06	 3181.56
2.30129e+06	 3409.99
2.60913e+06	 3645.51
2.95815e+06	 3883.98
3.35386e+06	 4120.44
3.8025e+06	 4349.69
4.31116e+06	 4566.75
4.88786e+06	 4767.56
5.54171e+06	 4947.75
6.28301e+06	 5104.65
7.12349e+06	 5239.66
8.07639e+06	 5352.94
9.15676e+06	 5445.21
1.03817e+07	 5517.51
1.17704e+07	 5570.87
1.33449e+07	 5606.2
1.51301e+07	 5624.11
1.7154e+07	 5624.9
1.94487e+07	 5607.66
2.20503e+07	 5571.92
2.49999e+07	 5519.05
2.83442e+07	 5449.3
101
100	 17.2697
113.377	 18.3885
128.543	 19.5799
145.738	 20.8484
165.234	 22.199
187.337	 23.6372
212.397	 25.1686
240.809	 26.7992
273.022	 28.5354
309.544	 30.3841
350.951	 32.3525
397.897	 34.4485
451.124	 36.6803
511.47	 39.0567
579.889	 41.587
657.46	 44.2812
745.408	 47.1501
845.121	 50.2047
958.172	 53.4573
1086.35	 56.9206
1231.67	 60.6082
1396.42	 64.5348
1583.22	 68.7157
1795.01	 73.1675
2035.13	 77.9078
2307.36	 82.9551
2616.02	 88.3294
2965.96	 94.0519
3362.71	 100.145
3812.54	 106.633
4322.54	 113.542
4900.76	 120.897
5556.33	 128.73
6299.6	 137.07
7142.29	 145.95
8097.71	 155.405
9180.94	 165.474
10409.1	 176.194
11801.5	 187.609
13380.1	 199.763
15170	 212.705
17199.3	 226.485
19500	 241.158
22108.5	 256.782
25065.9	 273.418
28419	 291.132
32220.6	 309.993
36530.7	 330.076
41417.4	 351.46
46957.7	 374.23
53239.2	 398.475
60361	 424.291
68435.5	 451.779
77590	 481.047
87969.2	 512.213
99736.7	 545.397
113078	 580.731
128205	 618.354
145355	 658.415
164799	 701.071
186844	 746.49
211838	 795.168
240175	 847.271
272303	 902.902
308729	 962.333
350027	 1025.84
396850	 1093.73
449936	 1166.36
510124	 1244.12
578362	 1327.39
655729	 1416.64
743446	 1512.36
842896	 1615.09
955649	 1725.44
1.08349e+06	 1844.08
1.22842e+06	 1971.76
1.39275e+06	 2109.29
1.57905e+06	 2257.64
1.79028e+06	 2417.88
2.02977e+06	 2591.03
2.30129e+06	 2778.29
2.60913e+06	 2981
2.95815e+06	 3200.58
3.35386e+06	 3438.57
3.8025e+06	 3696.62
4.31116e+06	 3976.48
4.88786e+06	 4279.99
5.54171e+06	 4609.11
6.28301e+06	 4965.75
7.12349e+06	 5351.54
8.07639e+06	 5768.14
9.15676e+06	 6216.91
1.03817e+07	 6698.83
1.17704e+07	 7214.43
1.33449e+07	 7763.81
1.51301e+07	 8346.85
1.7154e+07	 8963.72
1.94487e+07	 9613.49
2.20503e+07	 10293.6
2.49999e+07	 11001.7
2.83442e+07	 11733.9
